1
0
365
0
0
1
8606
2957
16712
11957
15307
16335
3576
6154
5107
265
10901
12756
14513
5407
14177
4235
6416
1395
5648
656
10813
3080
6368
14787
722
9635
11953
2360
102
3858
5050
6700
13843
4204
5827
257
4083
7772
6711
724
14342
11814
5348
3794
14313
6302
7482
8279
6943
11371
11668
1192
8032
2062
4430
8175
1545
11792
6623
8983
10716
4363
13561
5837
17157
4676
8102
2971
220
8709
565
11953
10327
7565
14545
7808
8952
5987
38
7800
10356
2583
15101
62
7814
12740
18102
12152
13889
16635
10299
17727
13091
17091
2575
4557
3294
1957
19223
2699
6138
3022
2694
2628
4143
16207
12550
13736
2179
544
5309
1749
2259
5206
5662
3619
19755
9780
14841
4946
12293
166
13168
3556
8680
10631
17867
1067
9170
511
2349
10884
779
6910
398
10981
8896
7149
8920
5395
12357
208
7896
12529
9542
14233
3988
6368
6281
9850
13198
18312
10947
11067
6816
16745
4413
4873
6443
12457
7103
16163
784
8675
16919
2086
3164
12114
14264
3510
3217
3105
2359
1304
2082
5169
444
9967
8855
2215
5424
12655
8581
9587
13951
9753
8698
1831
5918
8360
129
1171
9052
2838
5386
3509
5280
6528
2789
642
2837
471
17334
52
5068
1802
631
8914
1161
4763
14065
1024
3406
5297
8414
505
2157
629
1473
3603
17229
7528
4213
12176
13709
10017
4300
2948
2600
13009
5070
1579
2921
2350
15689
12863
13671
1095
10921
8327
16237
14307
13628
3773
2394
13232
2789
6465
14283
4576
1554
3451
1846
12266
14695
3136
11919
5214
5249
11494
7549
536
483
7536
11921
4306
1182
4837
12746
16836
7384
3349
12221
397
17531
14634
163
5250
7476
10888
6376
12457
2887
845
17357
14717
7414
2281
18290
5669
12388
5965
10147
2270
5281
660
14966
12499
14170
19949
1399
89
13753
6946
4508
18880
13202
1970
5546
864
3792
8875
13378
10793
1970
9735
7500
5563
15615
5122
14829
9144
17019
10884
853
5432
13046
3942
16520
4209
3019
1152
2878
17828
15612
7372
5965
14876
3826
10251
1044
2355
402
14841
12074
12649
1032
6856
7289
2859
3748
1529
7181
6752
14154
6404
1750
4032
9216
1958
6247
14084
8282
5660
6752
40
436
9255
7618
10612
4580
976
17075
9412
590
654
9369
484
625
18019
3279
690
17028
2468
4309
3004
5296
8696
4357
7831
8280
5590
12148
5201
13352
218
2453
743
1037
11703
20085
1017
808
5714
2445
7438
3051
5030
1033
9815
13406
2759
6884
6121
304
6298
6014
10412
9368
504
4206
8027
6625
4549
7320
5285
5008
813
17597
2247
4926
14266
6886
7260
4364
1938
8270
6443
9255
5887
13017
2825
166
11094
3001
8362
12836
19583
2300
10327
286
6717
5649
15787
250
14548
4361
3652
10700
880
2811
3147
777
2630
8296
18131
18977
19128
4914
534
2022
315
8628
2534
671
1273
5272
620
869
6977
4703
8574
9317
4642
9939
14164
3579
3908
4232
1752
1826
18108
1847
13132
12704
7259
2978
2437
6795
394
17666
3600
1649
12715
1891
6397
3131
3339
732
4756
12554
12525
3306
11272
2898
883
3834
5204
625
3552
4648
8664
6239
11080
14723
12564
631
6599
5878
2753
16534
1079
2804
11796
3793
1718
12527
2642
3871
6789
5580
4540
4281
4929
11825
13228
17535
2597
568
2117
10155
5364
12658
5995
9988
3843
15784
13362
12934
529
7875
15065
8083
10269
925
7285
4731
16967
11801
9664
8324
17225
1094
14125
8386
2750
10795
19166
3866
9291
1061
3095
5415
4801
299
19590
6135
815
6220
5211
14007
2845
17788
939
3685
6825
1853
5164
4277
9251
6705
13919
9693
1242
7219
1274
9081
5771
7270
16824
508
1065
866
6242
9758
9247
3162
3332
16550
2229
2035
2020
3755
1005
2219
14676
17325
5126
15471
12726
9598
8215
1495
16766
192
8982
8208
541
3702
3365
4159
10910
8345
6248
17680
9706
15146
6792
11725
11058
4166
17130
13262
13858
1441
1377
7920
10958
5194
20591
874
1698
9837
4755
6891
3428
311
5736
7545
7675
127
6201
5770
1851
5874
6527
12066
1956
1989
2581
6436
4883
984
12292
1583
12676
12673
15454
15974
11894
2439
8797
14658
12799
15801
7895
3404
12763
352
9485
6581
3206
3765
1464
2796
11413
8901
782
5965
2253
8614
9626
6745
11149
275
13269
1345
15596
9570
11128
4167
10655
12421
3654
7034
13700
12924
1329
9524
11179
8175
12368
907
19801
9171
12819
11
11062
1114
981
13241
84
6470
17698
408
2547
4347
11862
365
5739
8981
8158
12003
1647
4422
3110
3559
18811
4026
5685
15162
6111
8475
1211
1207
91
18017
11652
8316
13068
15260
4021
12773
14213
4448
5287
779
9302
8242
4759
190
2598
924
78
450
6452
13919
5512
10487
1352
4813
15590
10275
7947
5499
1393
13173
7338
8712
14779
13359
13536
4480
1511
8953
9640
12765
4490
4735
11765
6959
901
2559
11909
1254
3719
13724
1695
13296
10392
5245
4237
2961
13434
5736
9446
8638
4038
16095
4070
7732
7597
2980
974
4008
794
7803
17829
40
875
1139
3031
14484
6010
16116
6055
287
814
11259
323
1506
525
10547
557
468
4584
9968
3042
11823
4707
645
16759
6183
19868
4168
3254
14607
5229
10650
1901
255
7014
10758
5059
11509
3048
14505
2283
14401
469
8889
5691
1595
6407
15559
11269
2079
11542
174
7280
14421
18075
2445
11245
14972
605
7565
3405
1542
11787
1902
9957
14603
17110
6404
1749
14509
12166
10392
494
3168
11020
2638
16010
4167
2457
1373
4377
7469
854
52
413
10778
1910
5650
5269
633
8220
4368
2265
480
5336
14731
14333
133
5746
10694
4007
10583
1289
3704
8352
5037
6883
7758
3599
6296
4451
7749
109
7080
702
881
1260
2799
10286
5329
1419
5932
2074
3281
761
671
16263
9790
3842
2071
11897
19189
13105
17302
8227
12005
1217
3275
15741
18874
15951
2702
2614
9040
9671
1354
6178
3262
6114
8026
1468
4135
15824
2131
801
3533
15281
3353
2418
243
1805
1979
10532
15046

